ThomasOliverKimble/robot_programming:0.987345:99%:17-6-2022
ThomasOliverKimble/robot_programming:0.763124:76%:9-11-2021
ThomasOliverKimble/robot_programming:0.827942:83%:24-4-2022
